0
196
4900
103
984
105
983
89
3886
89
964
86
5025
87
967
86
787
5144
558
648
185
235
610
601
184
234
610
235
553
232
595
640
183
642
186
230
571
234
607
230
563
238
602
233
600
185
597
236
601
230
608
600
191
232
598
232
606
604
187
247
600
187
603
649
186
192
609
235
611
188
598
233
598
197
644
183
598
230
601
228
596
233
599
187
596
228
594
230
602
197
624
196
609
239
600
186
599
642
185
231
597
235
598
228
560
231
599
238
597
182
600
230
601
243
573
241
598
599
232
186
597
232
598
231
595
186
646
619
187
607
234
598
231
601
184
231
601
616
191
234
606
606
232
597
184
232
598
602
5073
5093
604
603
187
234
601
599
231
185
643
184
598
238
603
609
193
606
233
185
647
183
646
189
595
231
605
185
646
183
594
231
600
231
595
599
229
180
644
182
615
613
234
187
599
236
601
600
231
187
600
239
601
186
608
232
600
233
600
182
601
229
596
233
610
188
605
230
595
230
599
183
643
183
644
182
600
230
597
230
601
593
231
183
641
184
609
237
613
191
610
185
648
186
601
228
602
184
648
183
606
637
183
228
596
231
601
180
644
187
599
643
221
571
233
596
231
599
227
184
644
600
190
229
604
619
188
601
235
189
