0
5108
597
626
191
251
585
627
197
247
562
233
600
230
599
641
184
610
187
231
604
237
605
184
597
231
605
231
595
229
560
239
607
232
600
602
195
232
600
232
598
594
232
186
641
183
600
643
181
230
591
232
592
230
604
234
564
235
604
199
603
233
601
228
597
228
598
182
640
181
637
180
640
190
595
231
597
233
608
192
610
612
233
186
594
231
597
233
601
198
599
233
598
232
597
227
605
193
604
233
598
182
644
185
604
234
603
603
232
184
599
646
195
605
235
605
232
189
598
234
603
598
227
598
228
638
180
617
237
190
604
603
5074
5083
652
601
184
233
599
599
229
228
594
185
646
181
643
597
228
604
227
188
598
198
649
185
599
228
597
229
594
228
592
228
593
228
595
599
232
189
642
183
599
642
190
232
603
182
655
606
183
232
596
237
594
182
639
183
640
182
644
186
600
230
598
229
594
225
599
182
642
183
614
238
603
183
645
191
607
186
647
187
642
599
187
232
597
233
600
183
643
183
644
185
597
232
609
189
605
230
600
231
600
183
608
231
601
230
600
597
234
185
638
601
234
596
232
603
183
231
601
192
653
600
187
645
185
645
183
603
232
186
