0
5143
594
623
195
207
605
656
192
199
606
236
561
239
605
644
184
611
232
190
607
200
621
240
557
232
610
233
598
226
593
183
641
187
596
645
195
234
600
187
643
598
230
186
595
234
620
605
185
231
597
233
601
235
599
185
603
239
615
206
609
187
602
232
600
228
600
231
597
183
602
246
611
197
607
230
601
188
603
234
603
600
231
184
642
189
600
231
599
195
648
191
605
235
576
246
563
239
602
190
645
186
640
595
230
184
595
242
602
184
640
594
242
604
188
652
186
231
604
607
234
602
187
234
598
645
186
612
233
188
604
648
5054
5090
648
603
236
187
601
599
230
187
646
188
612
237
602
602
231
607
234
189
597
187
644
185
641
184
644
183
604
230
599
185
645
187
647
610
189
186
645
189
601
649
190
191
644
187
607
639
230
189
597
236
601
187
643
186
604
232
600
181
655
190
606
189
644
184
643
184
603
231
605
183
645
184
642
183
597
228
594
233
598
592
229
231
609
189
602
232
599
183
641
182
639
183
643
179
642
180
641
182
644
184
599
642
182
232
599
187
641
187
610
650
186
601
229
599
231
186
634
599
226
599
228
230
603
610
231
595
232
185
